RÉSULTATS DU TEST
=================

Précision : 0.9762 (97.62%)
Perte : 0.1015
Erreurs : 238/10000

RAPPORT DÉTAILLÉ
================
              precision    recall  f1-score   support

           0       0.99      0.99      0.99       980
           1       1.00      0.98      0.99      1135
           2       0.98      0.98      0.98      1032
           3       0.96      0.99      0.97      1010
           4       0.96      0.99      0.97       982
           5       0.99      0.95      0.97       892
           6       0.98      0.99      0.99       958
           7       0.97      0.98      0.97      1028
           8       0.98      0.97      0.97       974
           9       0.96      0.96      0.96      1009

    accuracy                           0.98     10000
   macro avg       0.98      0.98      0.98     10000
weighted avg       0.98      0.98      0.98     10000
